1 -0.08034566637360717 -0.0005186655121333301 ---
2 0.10161145429267934 0.0010491268488618333 179.0714658429957
3 0.010493302304516526 1.1554111499808191e-06 868.3458204472366
4 -0.026032909043034465 -1.7642824049313407e-05 140.3078360822844
5 -0.006817293229764245 -3.1683702274276856e-07 281.86576645075206
6 0.0017646476077356828 5.495079438916147e-09 486.32604038785354
7 -0.002051550665755646 -8.63468981031334e-09 186.01530721083662
8 -0.00014265417412870642 -2.9030428853982897e-12 1338.1287321495984
9 0.0005814993046580566 1.9662901300237565e-10 124.53213150660471
10 0.00017672666128768386 5.519582367184727e-12 229.03881079463443
11 1.684868333541254e-05 4.782972720527482e-15 948.9048774288495
12 -4.644750111175808e-05 -1.0020446217259347e-13 136.27468202190823
13 -1.2730629165798975e-05 -2.06323930654466e-15 264.84843370145427
14 2.0212731936722037e-06 8.258003243838145e-18 729.8321872398781
15 -4.073559196379453e-06 -6.759617091620645e-17 149.61934014531312
16 -9.37376790065837e-07 -8.236497821252205e-19 334.5700938566385
17 4.885834412725172e-07 1.1663159966485644e-19 291.8560292637909
18 -2.0695035537619724e-07 -8.86336286293124e-21 336.087268554994
19 1.2473525542565365e-07 1.940741363155267e-21 265.9116780335985
20 -3.89574812536787e-08 -5.912519840139194e-23 420.1830596116249
21 3.5919930795810606e-08 4.6345382817147393e-23 208.45644852473478
22 -1.5162880702421888e-09 -3.486142650924845e-27 2468.938429362786
23 1.1933780767524184e-08 1.699550860722979e-24 112.70584821172949
24 3.8721965605976565e-09 5.805935203268217e-26 208.19150269794818
25 1.0278806390649448e-09 1.0859955797569746e-27 276.71655768515734
26 -2.3607306605397916e-10 -1.31564682409803e-29 535.4078405665792
27 3.157770583095145e-10 3.1487756911025265e-29 174.7594101097072
28 3.906873044696856e-11 5.963317004748937e-32 708.2603521968716
29 -7.529038494584622e-11 -4.267942432161799e-31 151.89073010460677
30 -1.6688396612440096e-11 -4.6477615375619946e-33 351.1540964320216
