1 2.75 1.0116009116784799 ---
2 1.625 0.4855078157817008 69.23076923076923
3 1.0625 0.06062462181643484 52.94117647058824
4 0.78125 -0.24686007793152578 36.0
5 0.921875 -0.0813456394539524 15.254237288135593
6 0.9921875 -0.007843177461025893 7.086614173228346
7 1.02734375 0.026976587698202076 3.4220532319391634
8 1.009765625 0.009718249468921346 1.7408123791102514
9 1.0009765625 0.0009760859730554589 0.878048780487805
10 0.99658203125 -0.00342382334955361 0.44096031357177856
11 0.998779296875 -0.0012214487899451477 0.21999511121975068
12 0.9998779296875 -0.00012207776368698225 0.1098766939323648
13 1.00042724609375 0.0004271548501257506 0.054908181319016536
14 1.000152587890625 0.00015257625027691968 0.02746163000030513
15 1.0000152587890625 1.5258672648362398e-05 0.013732700611868105
16 0.9999465942382812 -5.340718785721861e-05 0.006866821805974135
17 0.9999809265136719 -1.907366822937835e-05 0.0034332930239300524
18 0.9999980926513672 -1.9073504518042164e-06 0.0017166170437184214
19 1.0000066757202148 6.675697932322725e-06 0.0008583011549872542
20 1.000002384185791 2.3841829488491996e-06 0.00042915241920371246
21 1.000000238418579 2.384185506798576e-07 0.00021457667003234147
22 0.9999991655349731 -8.344653750216029e-07 0.00010728845012416253
23 0.9999997019767761 -2.9802326828588295e-07 5.364419628506788e-05
24 0.9999999701976776 -2.980232283178453e-08 2.6822090948286386e-05
25 1.0000001043081284 1.0430812291684116e-07 1.3411043675582025e-05
26 1.000000037252903 3.725290229072977e-08 6.705522287431274e-06
