1 0.1428571428571447 0.0029154518950438454 ---
2 0.12820512820512947 0.0021072506279607496 11.428571428571773
3 0.11779041429732019 0.0016342927266843983 8.84173297966422
4 0.10981745247977692 0.0013243845157198183 7.2601955677413885
5 0.10342412790846725 0.0011062813795419835 6.181656737746836
6 0.09813052263069086 0.000944957628889263 5.3944533625879085
7 0.09364278440700713 0.0008211508675194963 4.792401520418609
8 0.08976847325938637 0.0007233883610427204 4.315892881931852
9 0.08637505812138033 0.0006444141348534441 3.9286979503242487
10 0.08336761542382146 0.0005794182077779287 3.6074471870998535
11 0.0806759815316713 0.0005250888225460254 3.3363509697040286
12 0.0782469335199685 0.0004790733140857322 3.1043363649297584
13 0.07603921339991382 0.0004396558404474918 2.903396841368676
14 0.07402024258242224 0.00040555663611952295 2.727592813875799
15 0.07216388370255432 0.0003758025250431716 2.5724209737927524
16 0.07044887468244473 0.0003496408608559287 2.434402292215677
17 0.06885770749402281 0.00032648082441766134 2.310804768747264
18 0.06737580891921814 0.00030585245949258175 2.199451997053467
19 0.06599093117242148 0.0002873775048446976 2.098587975942092
20 0.06469269135924663 0.0002707482494837859 2.0067797241044816
21 0.06347221842507596 0.0002557119552430253 1.9228458756508495
22 0.06232187900781978 0.00024205921280060058 1.8458034891917114
23 0.06123506206925514 0.00022961512238153786 1.774827854890521
24 0.06020600790075111 0.0002182325331368648 1.7092217278388815
25 0.05922967103902198 0.0002077868033105263 1.6483914980481635
26 0.05830160938544339 0.00019817169782528545 1.5918285333137032
27 0.05741789378217133 0.00018929614629524706 1.5390944269475408
28 0.05657503371012754 0.0001810816588006806 1.489809226384808
29 0.05576991580400511 0.0001734602494115707 1.4436419609308586
30 0.05499975263987493 0.00016637275521696083 1.400302959856967
