1 0.28500844715008555 0.9365080942236688 ---
2 0.12252587802045806 0.9906636597874346 132.6108180204168
3 0.22873742169044667 0.961985731601199 46.43382918503212
4 0.13825735149811857 0.9878148646918985 65.44322541399136
5 0.20342389142854625 0.9709626713515692 32.03485071138646
6 0.1491636161908943 0.9855768614146967 36.37634741183237
7 0.18993197596395453 0.9751654441554155 21.464716283895918
8 0.1565384175801589 0.9839370000148494 21.332500289710495
9 0.18218900317032477 0.9774020705050459 14.079107489372264
10 0.16141453496966218 0.9827953350478866 12.870258681826357
11 0.1775729327960538 0.9786760557025805 9.099583800279893
12 0.16458473661267914 0.982028184622072 7.891494953107385
13 0.1747619668053241 0.9794304190903993 5.823481149065963
14 0.16662184151112638 0.9815247716875894 4.885389106478068
15 0.17302888441866707 0.979887502090486 3.7028747709185748
16 0.16792063501146387 0.9811995126129769 3.042061749501161
17 0.17195239113084246 0.9801683547737403 2.344693256583291
18 0.16874448276158927 0.9809914528079823 1.9010448915153497
19 0.17128069260273399 0.9803424134831862 1.4807330602213118
20 0.16926534747938968 0.9808592106862013 1.1906424754716578
21 0.1708603979873946 0.980450863280601 0.9335402040457654
22 0.1695939654343844 0.9807754987286348 0.7467438772166604
23 0.17059695352770787 0.9805186594832941 0.587928490270823
24 0.16980101732945668 0.9807226433657142 0.4687464249444831
25 0.17043164472382616 0.9805611297280754 0.3700177836054851
26 0.16993136443339385 0.9806893248158921 0.29440138499470375
27 0.17032784455853453 0.980587769457365 0.23277469762404387
28 0.17001337934102762 0.9806683431928406 0.18496498259477184
29 0.1702626389261728 0.9806044930547476 0.14639711137877104
30 0.17006496616778335 0.9806551389812835 0.11623367401515469
