1 0.1428571428571447 -0.00017146776406036697 ---
2 0.1428571428571447 -5.080526342529394e-05 49.999999999999986
3 0.1428571428571447 -1.5053411385272278e-05 50.0
4 0.1428571428571447 -4.4602700400806765e-06 49.99999999999998
5 0.1428571428571447 -1.3215614933572376e-06 50.0
6 0.1428571428571447 -3.915737758095518e-07 50.000000000000014
7 0.1428571428571447 -1.160218594991264e-07 50.00000000000002
8 0.1428571428571447 -3.4376847259000426e-08 49.999999999999986
9 0.1428571428571447 -1.0185732521185317e-08 49.99999999999998
10 0.1428571428571447 -3.0179948210919444e-09 50.000000000000014
11 0.1428571428571447 -8.942206877309469e-10 49.99999999999998
12 0.1428571428571447 -2.649542778462064e-10 50.00000000000002
13 0.1428571428571447 -7.850497121369081e-11 49.999999999999986
14 0.1428571428571447 -2.326073221146394e-11 50.000000000000014
15 0.1428571428571447 -6.892068803396722e-12 50.0
16 0.1428571428571447 -2.042094460265696e-12 50.0
17 0.1428571428571447 -6.050650252639098e-13 50.0
18 0.1428571428571447 -1.7927852600412146e-13 49.999999999999986
19 0.1428571428571447 -5.3119563260480434e-14 50.0
20 0.1428571428571447 -1.5739129854957165e-14 50.000000000000014
21 0.1428571428571447 -4.663445882950271e-15 50.0
22 0.1428571428571447 -1.3817617430963764e-15 50.000000000000014
23 0.1428571428571447 -4.0941088684337074e-16 50.0
24 0.1428571428571447 -1.2130692943507282e-16 49.999999999999986
25 0.1428571428571447 -3.594279390668825e-17 49.99999999999999
26 0.1428571428571447 -1.0649716713092815e-17 50.0
27 0.1428571428571447 -3.1554716186941676e-18 49.99999999999999
28 0.1428571428571447 -9.349545536871612e-19 49.99999999999998
29 0.1428571428571447 -2.770235714628627e-19 49.999999999999986
30 0.1428571428571447 -8.208105821121856e-20 50.000000000000014
